8.63042e+10
1.718e+11
2.56494e+11
3.40396e+11
4.23511e+11
5.05847e+11
5.87412e+11
6.68213e+11
7.48257e+11
8.27551e+11
9.06103e+11
9.83918e+11
1.061e+12
1.13737e+12
1.21302e+12
1.28796e+12
1.36219e+12
1.43574e+12
1.50859e+12
1.58076e+12
1.65226e+12
1.72308e+12
1.79324e+12
1.86275e+12
1.9316e+12
1.99981e+12
2.06738e+12
2.13431e+12
2.20062e+12
2.26631e+12
2.33138e+12
2.39584e+12
2.4597e+12
2.52296e+12
2.58563e+12
2.64771e+12
2.70921e+12
2.77013e+12
2.83049e+12
2.89027e+12
2.9495e+12
3.00817e+12
3.06629e+12
3.12387e+12
3.18091e+12
3.23741e+12
3.29339e+12
3.34884e+12
3.40377e+12
3.45818e+12
3.51209e+12
3.56549e+12
3.61839e+12
3.6708e+12
3.72271e+12
3.77414e+12
3.82508e+12
3.87555e+12
3.92555e+12
3.97508e+12
4.02414e+12
4.07274e+12
4.12089e+12
4.16859e+12
4.21584e+12
4.26265e+12
4.30902e+12
4.35495e+12
4.40046e+12
4.44554e+12
4.49019e+12
4.53443e+12
4.57825e+12
4.62167e+12
4.66467e+12
4.70727e+12
4.74948e+12
4.79129e+12
4.8327e+12
4.87373e+12
4.91438e+12
4.95464e+12
4.99453e+12
5.03404e+12
5.07318e+12
5.11196e+12
5.15037e+12
5.18842e+12
5.22612e+12
5.26346e+12
5.30046e+12
5.3371e+12
5.37341e+12
5.40937e+12
5.445e+12
5.48029e+12
5.51525e+12
5.54989e+12
5.5842e+12
5.61818e+12
5.65185e+12
5.68521e+12
5.71825e+12
5.75098e+12
5.78341e+12
5.81553e+12
5.84735e+12
5.87888e+12
5.9101e+12
5.94104e+12
5.97168e+12
6.00204e+12
6.03212e+12
6.06191e+12
6.09142e+12
6.12066e+12
6.14962e+12
6.17831e+12
6.20673e+12
6.23489e+12
6.26278e+12
6.29041e+12
6.31779e+12
6.3449e+12
6.37176e+12
6.39837e+12
6.42474e+12
6.45085e+12
6.47672e+12
6.50235e+12
6.52773e+12
6.55288e+12
6.57779e+12
6.60247e+12
6.62692e+12
6.65114e+12
6.67514e+12
6.6989e+12
6.72245e+12
6.74577e+12
6.76888e+12
6.79177e+12
6.81445e+12
6.83691e+12
6.85916e+12
6.8812e+12
6.90304e+12
6.92467e+12
6.9461e+12
6.96733e+12
6.98836e+12
7.0092e+12
7.02984e+12
7.05028e+12
7.07054e+12
7.0906e+12
7.11047e+12
7.13016e+12
7.14967e+12
7.16899e+12
7.18813e+12
7.20709e+12
7.22588e+12
7.24449e+12
7.26292e+12
7.28118e+12
7.29927e+12
7.31719e+12
7.33495e+12
7.35253e+12
7.36995e+12
7.38721e+12
7.40431e+12
7.42125e+12
7.43803e+12
7.45465e+12
7.47111e+12
7.48742e+12
7.50358e+12
7.51959e+12
7.53544e+12
7.55115e+12
7.56671e+12
7.58213e+12
7.5974e+12
7.61253e+12
7.62751e+12
7.64236e+12
7.65706e+12
7.67163e+12
7.68607e+12
7.70036e+12
7.71453e+12
7.72856e+12
7.74246e+12
7.75622e+12
7.76986e+12
7.78338e+12
7.79676e+12
7.81002e+12
